INFORMATION_NEED 1
precision 0.3
recall 0.75
F1 0.42857146
prec@10 0.3
average_precision 0.55505043
recall_precision
0.125 1.000
0.250 1.000
0.375 0.333
0.500 0.364
0.625 0.333
0.750 0.300
interpolated_recall_precision
0.000 1.000
0.100 1.000
0.200 1.000
0.300 0.364
0.400 0.364
0.500 0.364
0.600 0.333
0.700 0.300
0.800 0.000
0.900 0.000
1.000 0.000

INFORMATION_NEED 2
precision 0.4
recall 1.0
F1 0.5714286
prec@10 0.4
average_precision 0.6
recall_precision
0.250 1.000
0.500 0.667
0.750 0.333
1.000 0.400
interpolated_recall_precision
0.000 1.000
0.100 1.000
0.200 1.000
0.300 0.667
0.400 0.667
0.500 0.667
0.600 0.400
0.700 0.400
0.800 0.400
0.900 0.400
1.000 0.400

TOTAL
precision 0.350
recall 0.875
F1 0.500
prec@10 0.350
MAP 0.578
interpolated_recall_precision
0.000 1.000
0.100 1.000
0.200 1.000
0.300 0.515
0.400 0.515
0.500 0.515
0.600 0.367
0.700 0.350
0.800 0.200
0.900 0.200
1.000 0.200

