INFORMATION_NEED 01-2
precision 0.17766498
recall 1.0
F1 0.30172414
prec@10 0.3
average_precision 0.17269748
recall_precision
0.029 0.500
0.057 0.333
0.086 0.429
0.114 0.333
0.143 0.385
0.171 0.375
0.200 0.350
0.229 0.320
0.257 0.273
0.286 0.256
0.314 0.216
0.343 0.200
0.371 0.194
0.400 0.194
0.429 0.170
0.457 0.165
0.486 0.165
0.514 0.157
0.543 0.156
0.571 0.082
0.600 0.076
0.629 0.075
0.657 0.063
0.686 0.060
0.714 0.059
0.743 0.056
0.771 0.056
0.800 0.057
0.829 0.054
0.857 0.056
0.886 0.056
0.914 0.042
0.943 0.037
0.971 0.033
1.000 0.013
interpolated_recall_precision
0.000 0.500
0.100 0.385
0.200 0.350
0.300 0.216
0.400 0.194
0.500 0.157
0.600 0.076
0.700 0.059
0.800 0.057
0.900 0.042
1.000 0.013

INFORMATION_NEED 11-4
precision 0.20873787
recall 0.95555556
F1 0.3426295
prec@10 0.5
average_precision 0.28430575
recall_precision
0.022 1.000
0.044 1.000
0.067 0.750
0.089 0.800
0.111 0.556
0.133 0.545
0.156 0.583
0.178 0.571
0.200 0.600
0.222 0.526
0.244 0.524
0.267 0.522
0.289 0.520
0.311 0.538
0.333 0.517
0.356 0.457
0.378 0.309
0.400 0.300
0.422 0.302
0.444 0.244
0.467 0.171
0.489 0.113
0.511 0.086
0.533 0.086
0.556 0.069
0.578 0.064
0.600 0.060
0.622 0.061
0.644 0.046
0.667 0.047
0.689 0.045
0.711 0.031
0.733 0.026
0.756 0.026
0.778 0.024
0.800 0.023
0.822 0.024
0.844 0.017
0.867 0.013
0.889 0.013
0.911 0.006
0.933 0.006
0.956 0.005
interpolated_recall_precision
0.000 1.000
0.100 0.600
0.200 0.600
0.300 0.538
0.400 0.302
0.500 0.157
0.600 0.075
0.700 0.059
0.800 0.056
0.900 0.042
1.000 0.013

INFORMATION_NEED 06-1
precision 0.2
recall 1.0
F1 0.3333333
prec@10 0.8
average_precision 0.46769667
recall_precision
0.038 1.000
0.077 1.000
0.115 1.000
0.154 1.000
0.192 1.000
0.231 1.000
0.269 0.875
0.308 0.889
0.346 0.750
0.385 0.714
0.423 0.440
0.462 0.462
0.500 0.394
0.538 0.230
0.577 0.224
0.615 0.222
0.654 0.224
0.692 0.234
0.731 0.151
0.769 0.152
0.808 0.056
0.846 0.054
0.885 0.056
0.923 0.031
0.962 0.002
1.000 0.002
interpolated_recall_precision
0.000 1.000
0.100 1.000
0.200 1.000
0.300 0.889
0.400 0.462
0.500 0.394
0.600 0.234
0.700 0.152
0.800 0.056
0.900 0.042
1.000 0.013

INFORMATION_NEED 15-4
precision 0.19672132
recall 1.0
F1 0.32876712
prec@10 0.4
average_precision 0.21962692
recall_precision
0.017 1.000
0.033 1.000
0.050 0.500
0.067 0.500
0.083 0.417
0.100 0.400
0.117 0.438
0.133 0.444
0.150 0.429
0.167 0.417
0.183 0.333
0.200 0.324
0.217 0.302
0.233 0.311
0.250 0.326
0.267 0.198
0.283 0.205
0.300 0.200
0.317 0.192
0.333 0.198
0.350 0.189
0.367 0.180
0.383 0.184
0.400 0.190
0.417 0.185
0.433 0.182
0.450 0.188
0.467 0.189
0.483 0.192
0.500 0.188
0.517 0.193
0.533 0.156
0.550 0.151
0.567 0.146
0.583 0.150
0.600 0.148
0.617 0.143
0.633 0.142
0.650 0.141
0.667 0.125
0.683 0.125
0.700 0.124
0.717 0.126
0.733 0.126
0.750 0.120
0.767 0.111
0.783 0.111
0.800 0.112
0.817 0.110
0.833 0.103
0.850 0.097
0.867 0.076
0.883 0.059
0.900 0.059
0.917 0.054
0.933 0.054
0.950 0.041
0.967 0.042
0.983 0.027
1.000 0.007
interpolated_recall_precision
0.000 1.000
0.100 1.000
0.200 1.000
0.300 0.889
0.400 0.462
0.500 0.394
0.600 0.234
0.700 0.152
0.800 0.110
0.900 0.054
1.000 0.013

INFORMATION_NEED 04-4
precision 0.2753623
recall 1.0
F1 0.4318182
prec@10 0.2
average_precision 0.24892169
recall_precision
0.026 0.333
0.053 0.250
0.079 0.273
0.105 0.308
0.132 0.357
0.158 0.400
0.184 0.438
0.211 0.400
0.237 0.429
0.263 0.400
0.289 0.355
0.316 0.267
0.342 0.277
0.368 0.286
0.395 0.294
0.421 0.296
0.447 0.288
0.474 0.243
0.500 0.247
0.526 0.256
0.553 0.253
0.579 0.262
0.605 0.261
0.632 0.261
0.658 0.258
0.684 0.263
0.711 0.252
0.737 0.199
0.763 0.201
0.789 0.185
0.816 0.153
0.842 0.157
0.868 0.105
0.895 0.075
0.921 0.045
0.947 0.044
0.974 0.045
1.000 0.044
interpolated_recall_precision
0.000 1.000
0.100 1.000
0.200 1.000
0.300 0.889
0.400 0.462
0.500 0.394
0.600 0.263
0.700 0.252
0.800 0.157
0.900 0.054
1.000 0.044

TOTAL
precision 0.212
recall 0.991
F1 0.348
prec@10 0.440
MAP 0.279
interpolated_recall_precision
0.000 0.900
0.100 0.797
0.200 0.790
0.300 0.684
0.400 0.376
0.500 0.299
0.600 0.176
0.700 0.135
0.800 0.087
0.900 0.047
1.000 0.020

