INFORMATION_NEED 01-2
precision 0.14285715
recall 0.114285715
F1 0.12698413
prec@10 0.2
average_precision 0.18141823
recall_precision
0.029 0.167
0.057 0.286
0.086 0.130
0.114 0.143
interpolated_recall_precision
0.000 0.286
0.100 0.143
0.200 0.000
0.300 0.000
0.400 0.000
0.500 0.000
0.600 0.000
0.700 0.000
0.800 0.000
0.900 0.000
1.000 0.000

INFORMATION_NEED 11-4
precision 0.46153846
recall 0.26666668
F1 0.3380282
prec@10 0.5
average_precision 0.48326626
recall_precision
0.022 0.500
0.044 0.500
0.067 0.500
0.089 0.571
0.111 0.625
0.133 0.429
0.156 0.412
0.178 0.421
0.200 0.429
0.222 0.455
0.244 0.478
0.267 0.480
interpolated_recall_precision
0.000 0.625
0.100 0.625
0.200 0.480
0.300 0.000
0.400 0.000
0.500 0.000
0.600 0.000
0.700 0.000
0.800 0.000
0.900 0.000
1.000 0.000

INFORMATION_NEED 06-1
precision 0.85714287
recall 0.23076923
F1 0.36363637
prec@10 0.6
average_precision 0.87341267
recall_precision
0.038 1.000
0.077 1.000
0.115 0.750
0.154 0.800
0.192 0.833
0.231 0.857
interpolated_recall_precision
0.000 1.000
0.100 0.857
0.200 0.857
0.300 0.000
0.400 0.000
0.500 0.000
0.600 0.000
0.700 0.000
0.800 0.000
0.900 0.000
1.000 0.000

INFORMATION_NEED 15-4
precision 0.6875
recall 0.18333334
F1 0.28947368
prec@10 0.7
average_precision 0.79518396
recall_precision
0.017 1.000
0.033 1.000
0.050 1.000
0.067 0.800
0.083 0.833
0.100 0.750
0.117 0.700
0.133 0.667
0.150 0.643
0.167 0.667
0.183 0.688
interpolated_recall_precision
0.000 1.000
0.100 0.750
0.200 0.000
0.300 0.000
0.400 0.000
0.500 0.000
0.600 0.000
0.700 0.000
0.800 0.000
0.900 0.000
1.000 0.000

INFORMATION_NEED 04-4
precision 0.5
recall 0.02631579
F1 0.049999997
prec@10 0.1
average_precision 0.5
recall_precision
0.026 0.500
interpolated_recall_precision
0.000 0.500
0.100 0.000
0.200 0.000
0.300 0.000
0.400 0.000
0.500 0.000
0.600 0.000
0.700 0.000
0.800 0.000
0.900 0.000
1.000 0.000

TOTAL
precision 0.530
recall 0.164
F1 0.251
prec@10 0.420
MAP 0.567
interpolated_recall_precision
0.000 0.682
0.100 0.475
0.200 0.267
0.300 0.000
0.400 0.000
0.500 0.000
0.600 0.000
0.700 0.000
0.800 0.000
0.900 0.000
1.000 0.000

