INFORMATION_NEED 01-2
precision 0.14285715
recall 0.114285715
F1 0.12698413
prec@10 0.4
average_precision 0.5902778
recall_precision
0.029 0.500
0.057 0.667
0.086 0.750
0.114 0.444
interpolated_recall_precision
0.000 0.750
0.100 0.444
0.200 0.000
0.300 0.000
0.400 0.000
0.500 0.000
0.600 0.000
0.700 0.000
0.800 0.000
0.900 0.000
1.000 0.000

INFORMATION_NEED 11-4
precision 0.46153846
recall 0.26666668
F1 0.3380282
prec@10 0.8
average_precision 0.8442359
recall_precision
0.022 1.000
0.044 1.000
0.067 1.000
0.089 1.000
0.111 1.000
0.133 1.000
0.156 0.778
0.178 0.800
0.200 0.818
0.222 0.833
0.244 0.440
0.267 0.462
interpolated_recall_precision
0.000 1.000
0.100 1.000
0.200 0.833
0.300 0.000
0.400 0.000
0.500 0.000
0.600 0.000
0.700 0.000
0.800 0.000
0.900 0.000
1.000 0.000

INFORMATION_NEED 06-1
precision 0.85714287
recall 0.23076923
F1 0.36363637
prec@10 0.6
average_precision 0.91507936
recall_precision
0.038 1.000
0.077 1.000
0.115 1.000
0.154 0.800
0.192 0.833
0.231 0.857
interpolated_recall_precision
0.000 1.000
0.100 1.000
0.200 0.857
0.300 0.000
0.400 0.000
0.500 0.000
0.600 0.000
0.700 0.000
0.800 0.000
0.900 0.000
1.000 0.000

INFORMATION_NEED 15-4
precision 0.6875
recall 0.18333334
F1 0.28947368
prec@10 0.7
average_precision 0.8522629
recall_precision
0.017 1.000
0.033 1.000
0.050 1.000
0.067 1.000
0.083 1.000
0.100 0.750
0.117 0.700
0.133 0.727
0.150 0.750
0.167 0.714
0.183 0.733
interpolated_recall_precision
0.000 1.000
0.100 0.750
0.200 0.000
0.300 0.000
0.400 0.000
0.500 0.000
0.600 0.000
0.700 0.000
0.800 0.000
0.900 0.000
1.000 0.000

INFORMATION_NEED 04-4
precision 0.5
recall 0.02631579
F1 0.049999997
prec@10 0.1
average_precision 1.0
recall_precision
0.026 1.000
interpolated_recall_precision
0.000 1.000
0.100 0.000
0.200 0.000
0.300 0.000
0.400 0.000
0.500 0.000
0.600 0.000
0.700 0.000
0.800 0.000
0.900 0.000
1.000 0.000

TOTAL
precision 0.530
recall 0.164
F1 0.251
prec@10 0.520
MAP 0.840
interpolated_recall_precision
0.000 0.950
0.100 0.639
0.200 0.338
0.300 0.000
0.400 0.000
0.500 0.000
0.600 0.000
0.700 0.000
0.800 0.000
0.900 0.000
1.000 0.000

